XCTmpl: em Ia: 0.029,0.019,0.038 Ibc: 0.098,0.061,0.134 II: 0.071,0.056,0.086
XCTmpl: sp Ia: 0.431,0.388,0.474 Ibc: 0.598,0.512,0.683 II: 0.609,0.560,0.658
XCTmpl: ea Ia: 0.029,0.019,0.038 Ibc: 0.037,0.012,0.061 II: 0.030,0.019,0.041
XCTmpl: abs Ia: 0.502,0.455,0.550 Ibc: 0.256,0.195,0.317 II: 0.286,0.252,0.320
Halpha_ew: -99999,-5 Ia: 0.040,0.031,0.049 Ibc: 0.000,0.000,0.000 II: 0.006,0.003,0.009
Halpha_ew: -5.0,0.0 Ia: 0.217,0.195,0.239 Ibc: 0.072,0.041,0.103 II: 0.088,0.071,0.105
Halpha_ew: 0.0,5.0 Ia: 0.159,0.142,0.177 Ibc: 0.237,0.186,0.289 II: 0.202,0.179,0.224
Halpha_ew: 5.0,10.0 Ia: 0.097,0.082,0.113 Ibc: 0.124,0.093,0.155 II: 0.153,0.134,0.173
Halpha_ew: 10,99999 Ia: 0.356,0.327,0.385 Ibc: 0.557,0.485,0.629 II: 0.528,0.489,0.568
Hbeta_ew: -99999,-5 Ia: 0.078,0.064,0.091 Ibc: 0.010,0.000,0.021 II: 0.009,0.003,0.014
Hbeta_ew: -5.0,0.0 Ia: 0.419,0.388,0.450 Ibc: 0.299,0.247,0.351 II: 0.310,0.281,0.338
Hbeta_ew: 0.0,5.0 Ia: 0.341,0.315,0.368 Ibc: 0.423,0.361,0.485 II: 0.432,0.398,0.466
Hbeta_ew: 5.0,10.0 Ia: 0.078,0.064,0.091 Ibc: 0.113,0.082,0.144 II: 0.139,0.119,0.159
Hbeta_ew: 10,99999 Ia: 0.084,0.071,0.098 Ibc: 0.155,0.113,0.196 II: 0.108,0.091,0.125
OII_ew: -99999,-5 Ia: 0.162,0.139,0.184 Ibc: 0.107,0.071,0.143 II: 0.143,0.116,0.170
OII_ew: -5.0,0.0 Ia: 0.103,0.086,0.120 Ibc: 0.036,0.018,0.054 II: 0.062,0.045,0.080
OII_ew: 0.0,5.0 Ia: 0.290,0.262,0.318 Ibc: 0.125,0.071,0.179 II: 0.179,0.152,0.205
OII_ew: 5.0,10.0 Ia: 0.114,0.097,0.131 Ibc: 0.125,0.071,0.179 II: 0.062,0.045,0.080
OII_ew: 10,99999 Ia: 0.242,0.217,0.267 Ibc: 0.250,0.179,0.321 II: 0.272,0.237,0.308
OIII_ew: -99999,-5 Ia: 0.073,0.060,0.086 Ibc: 0.031,0.010,0.052 II: 0.014,0.009,0.020
OIII_ew: -5.0,0.0 Ia: 0.195,0.175,0.215 Ibc: 0.155,0.113,0.196 II: 0.102,0.085,0.119
OIII_ew: 0.0,5.0 Ia: 0.525,0.492,0.559 Ibc: 0.608,0.526,0.691 II: 0.631,0.588,0.673
OIII_ew: 5.0,10.0 Ia: 0.086,0.073,0.100 Ibc: 0.093,0.062,0.124 II: 0.082,0.068,0.097
OIII_ew: 10,99999 Ia: 0.115,0.100,0.131 Ibc: 0.113,0.082,0.144 II: 0.168,0.145,0.190
Rpar: 0.0,1.0 Ia: 0.232,0.210,0.253 Ibc: 0.148,0.111,0.185 II: 0.186,0.160,0.212
Rpar: 1.0,2.0 Ia: 0.261,0.240,0.283 Ibc: 0.457,0.383,0.531 II: 0.378,0.343,0.413
Rpar: 2.0,3.0 Ia: 0.194,0.174,0.214 Ibc: 0.173,0.123,0.222 II: 0.189,0.163,0.215
Rpar: 3.0,4.0 Ia: 0.094,0.080,0.108 Ibc: 0.099,0.062,0.136 II: 0.103,0.083,0.122
Rpar: 4.0,5.0 Ia: 0.054,0.044,0.064 Ibc: 0.049,0.025,0.074 II: 0.064,0.051,0.077
